"Period.sec." "e0" "e1" "e2" "e3" "e4" "e5" "e6" "Mh" "c1" "c2" "c3" "Mref" "Rref..km." "h..km." "Dc3..globalCATWNZ." "Dc3..ChinaTurkey." "Dc3..ItalyJapan." "c" "Vc..m.s." "Vref...m.s." "f1" "f3" "f4" "f5" "f6..1.km." "f7" "R1..km." "R2..km." "DfR" "DfV" "V1..m.s." "V2..m.s." "phi1" "phi2" "t1" "t2"
-1 5.037 5.078 4.849 5.033 1.073 -0.1536 0.2252 6.2 -1.243 0.1489 -0.00344 4.5 1 5.3 0 0.004345 -0.00033 -0.84 1300 760 0 0.1 -0.1 -0.00844 -9.9 -9.9 105 272 0.082 0.08 225 300 0.644 0.552 0.401 0.346
0 0.4473 0.4856 0.2459 0.4539 1.431 0.05053 -0.1662 5.5 -1.134 0.1917 -0.008088 4.5 1 4.5 0 0.002858 -0.00255 -0.6 1500 760 0 0.1 -0.15 -0.00701 -9.9 -9.9 110 270 0.1 0.07 225 300 0.695 0.495 0.398 0.348
0.01 0.4534 0.4916 0.2519 0.4599 1.421 0.04932 -0.1659 5.5 -1.134 0.1916 -0.008088 4.5 1 4.5 0 0.002816 -0.002437 -0.6037 1500.2 760 0 0.1 -0.1483 -0.00701 -9.9 -9.9 111.67 270 0.096 0.07 225 300 0.698 0.499 0.402 0.345
0.02 0.48598 0.52359 0.29707 0.48875 1.4331 0.053388 -0.16561 5.5 -1.1394 0.18962 -0.008074 4.5 1 4.5 0 0.00278 -0.00234 -0.5739 1500.36 760 0 0.1 -0.1471 -0.00728 -9.9 -9.9 113.1 270 0.092 0.03 225 300 0.702 0.502 0.409 0.346
0.022 0.4987 0.5365 0.3135 0.4997 1.434 0.05489 -0.1652 5.5 -1.141 0.1892 -0.008095 4.5 1 4.5 0 0.00276 -0.002289 -0.5668 1500.68 760 0 0.1 -0.1477 -0.00732 -9.9 -9.9 113.37 270 0.088 0.027 225 300 0.707 0.505 0.418 0.349
0.025 0.5228 0.5613 0.3443 0.52 1.433 0.05753 -0.165 5.5 -1.142 0.1888 -0.008153 4.5 1 4.5 0 0.002754 -0.00225 -0.5552 1501.04 760 0 0.1 -0.1496 -0.00736 -9.9 -9.9 113.07 270 0.086 0.026 225 300 0.711 0.508 0.427 0.354
0.029 0.5595 0.5992 0.3915 0.55 1.428 0.06073 -0.1663 5.5 -1.142 0.1884 -0.00829 4.5 1 4.5 0 0.002762 -0.002215 -0.5385 1501.26 760 0 0.1 -0.1525 -0.00737 -9.9 -9.9 112.36 270 0.084 0.028 225 300 0.716 0.51 0.436 0.359
0.03 0.56916 0.6092 0.40391 0.55783 1.4261 0.061444 -0.1669 5.5 -1.1421 0.18842 -0.008336 4.5 1 4.49 0 0.002765 -0.002168 -0.5341 1502.95 760 0 0.1 -0.1549 -0.00735 -9.9 -9.9 112.13 270 0.081 0.029 225 300 0.721 0.514 0.445 0.364
0.032 0.588 0.6288 0.4279 0.5733 1.423 0.06281 -0.1681 5.5 -1.141 0.1884 -0.008445 4.5 1 4.45 0 0.002769 -0.002117 -0.5253 1503.12 760 0 0.1 -0.1574 -0.00731 -9.9 -9.9 111.65 270 0.078 0.03 225 300 0.726 0.516 0.454 0.369
0.035 0.6164 0.6582 0.4625 0.597 1.417 0.06456 -0.1702 5.5 -1.139 0.1884 -0.008642 4.5 1 4.4 0 0.002784 -0.002096 -0.5119 1503.24 760 0 0.1 -0.1607 -0.00721 -9.9 -9.9 110.64 270 0.077 0.031 225 300 0.73 0.518 0.462 0.374
0.036 0.6255 0.6677 0.4734 0.605 1.416 0.06503 -0.1708 5.5 -1.138 0.1884 -0.008715 4.5 1 4.38 0 0.002801 -0.002075 -0.5075 1503.32 760 0 0.1 -0.1641 -0.00717 -9.9 -9.9 109.53 270 0.075 0.031 225 300 0.734 0.52 0.47 0.379
0.04 0.6628 0.706 0.5153 0.6383 1.409 0.06618 -0.1736 5.5 -1.132 0.1882 -0.00903 4.5 1 4.32 0 0.002822 -0.002054 -0.4906 1503.35 760 0 0.1 -0.1678 -0.00698 -9.9 -9.9 108.28 270 0.073 0.032 225 300 0.738 0.521 0.478 0.384
0.042 0.6809 0.7244 0.5345 0.6551 1.406 0.06644 -0.1749 5.5 -1.129 0.188 -0.009195 4.5 1 4.29 0 0.002846 -0.002035 -0.4829 1503.34 760 0 0.1 -0.1715 -0.00687 -9.9 -9.9 106.99 270 0.072 0.032 225 300 0.742 0.523 0.484 0.39
0.044 0.6988 0.7428 0.5528 0.6723 1.403 0.06666 -0.1762 5.5 -1.126 0.1878 -0.00936 4.5 1 4.27 0 0.002874 -0.002016 -0.4757 1503.13 760 0 0.1 -0.176 -0.00677 -9.9 -9.9 105.41 270 0.07 0.031 225 300 0.745 0.525 0.49 0.397
0.045 0.7082 0.7523 0.5622 0.6814 1.402 0.06677 -0.1769 5.5 -1.124 0.1876 -0.009441 4.5 1 4.25 0 0.0029 -0.002001 -0.4724 1502.84 760 0 0.1 -0.181 -0.00672 -9.9 -9.9 103.61 270 0.069 0.031 225 300 0.748 0.527 0.496 0.405
0.046 0.7178 0.762 0.5717 0.6908 1.401 0.06689 -0.1777 5.5 -1.122 0.1875 -0.009521 4.5 1 4.24 0 0.002923 -0.001993 -0.4691 1502.47 760 0 0.1 -0.1862 -0.00667 -9.9 -9.9 101.7 270 0.067 0.031 225 300 0.75 0.529 0.499 0.412
0.048 0.7357 0.7802 0.5889 0.7085 1.399 0.06713 -0.1792 5.5 -1.119 0.1873 -0.009676 4.5 1 4.22 0 0.002944 -0.001988 -0.4632 1502.01 760 0 0.1 -0.1915 -0.00656 -9.9 -9.9 99.76 270 0.065 0.031 225 300 0.752 0.53 0.502 0.419
0.05 0.75436 0.79905 0.60652 0.72726 1.3974 0.067357 -0.18082 5.5 -1.1159 0.18709 -0.009819 4.5 1 4.2 0 0.002957 -0.001991 -0.458 1501.42 760 0 0.1 -0.1963 -0.00647 -9.9 -9.9 97.93 270 0.063 0.03 225 300 0.753 0.532 0.503 0.426
0.055 0.7996 0.8445 0.6477 0.7737 1.395 0.0678 -0.1848 5.5 -1.108 0.1866 -0.01012 4.5 1 4.15 0 0.002964 -0.002001 -0.4479 1500.71 760 0 0.1 -0.2014 -0.00625 -9.9 -9.9 96.03 270 0.062 0.029 225 300 0.753 0.534 0.502 0.434
0.06 0.8439 0.8888 0.6856 0.8207 1.395 0.06859 -0.1886 5.5 -1.101 0.1858 -0.01033 4.5 1 4.11 0 0.002968 -0.002019 -0.4419 1499.83 760 0 0.1 -0.2066 -0.00607 -9.9 -9.9 94.1 270.01 0.061 0.027 225 300 0.753 0.536 0.499 0.441
0.065 0.8866 0.9312 0.7194 0.8672 1.4 0.07013 -0.1918 5.5 -1.094 0.1849 -0.01048 4.5 1 4.08 0 0.002968 -0.002045 -0.4395 1498.74 760 0 0.1 -0.212 -0.00593 -9.9 -9.9 92.08 270.02 0.061 0.025 225 300 0.752 0.538 0.495 0.448
0.067 0.9027 0.9471 0.7317 0.8853 1.403 0.0709 -0.1929 5.5 -1.092 0.1844 -0.01052 4.5 1 4.07 0 0.002968 -0.002077 -0.4395 1497.42 760 0 0.1 -0.2176 -0.00588 -9.9 -9.9 90.01 270.02 0.061 0.025 225 300 0.75 0.54 0.489 0.455
0.07 0.9265 0.9706 0.7494 0.9123 1.408 0.07208 -0.1945 5.5 -1.088 0.1837 -0.01056 4.5 1 4.06 0 0.002964 -0.002115 -0.4404 1495.85 760 0 0.1 -0.2232 -0.00582 -9.9 -9.9 87.97 270.03 0.062 0.024 225 300 0.748 0.541 0.483 0.461
0.075 0.96447 1.0077 0.77678 0.9563 1.4174 0.073549 -0.19665 5.5 -1.0831 0.18225 -0.01058 4.5 1 4.04 0 0.002957 -0.002159 -0.4441 1494 760 0 0.1 -0.2287 -0.00573 -9.9 -9.9 85.99 270.04 0.064 0.022 225 300 0.745 0.542 0.474 0.466
0.08 1 1.043 0.8016 0.9982 1.426 0.07374 -0.1982 5.5 -1.079 0.1805 -0.01056 4.5 1 4.02 0 0.002945 -0.002212 -0.4502 1491.82 760 0 0.1 -0.2337 -0.00567 -9.9 -9.9 84.23 270.05 0.067 0.02 225 300 0.741 0.543 0.464 0.468
0.085 1.034 1.076 0.8242 1.038 1.432 0.07194 -0.199 5.51 -1.075 0.1786 -0.01051 4.5 1 4.03 0 0.00293 -0.00227 -0.4581 1489.29 760 0 0.1 -0.2382 -0.00563 -9.9 -9.9 82.74 270.06 0.072 0.019 225 300 0.737 0.543 0.452 0.468
0.09 1.067 1.108 0.8459 1.076 1.435 0.0681 -0.1993 5.52 -1.071 0.1764 -0.01042 4.5 1 4.07 0 0.002914 -0.002327 -0.4673 1486.36 760 0 0.1 -0.2421 -0.00561 -9.9 -9.9 81.54 270.07 0.076 0.017 225 300 0.734 0.542 0.44 0.466
0.095 1.098 1.139 0.867 1.113 1.434 0.06233 -0.199 5.53 -1.068 0.1742 -0.01032 4.5 1 4.1 0 0.002897 -0.002383 -0.4772 1482.98 760 0 0.1 -0.2458 -0.0056 -9.9 -9.9 80.46 270.08 0.082 0.016 225 300 0.731 0.542 0.428 0.464
0.1 1.1268 1.1669 0.8871 1.1454 1.4293 0.055231 -0.19838 5.54 -1.0652 0.17203 -0.0102 4.5 1 4.13 0 0.002879 -0.002439 -0.4872 1479.12 760 0 0.1 -0.2492 -0.0056 -9.9 -9.9 79.59 270.09 0.087 0.014 225 300 0.728 0.541 0.415 0.458
0.11 1.179 1.218 0.927 1.203 1.411 0.03739 -0.196 5.57 -1.061 0.1677 -0.009964 4.5 1 4.19 0 0.002863 -0.002492 -0.5063 1474.74 760 0 0.1 -0.2519 -0.00562 -9.9 -9.9 79.05 270.11 0.093 0.012 225 300 0.726 0.54 0.403 0.451
0.12 1.223 1.262 0.9662 1.25 1.383 0.01637 -0.1927 5.62 -1.057 0.1635 -0.009722 4.5 1 4.24 0 0.002846 -0.00254 -0.5244 1469.75 760 0 0.1 -0.254 -0.00567 -9.9 -9.9 78.85 270.13 0.099 0.011 225 300 0.724 0.539 0.392 0.441
0.13 1.26 1.299 1.003 1.287 1.35 -0.005158 -0.189 5.66 -1.055 0.1598 -0.009476 4.5 1 4.29 0 0.002831 -0.002584 -0.5421 1464.09 760 0 0.1 -0.2556 -0.00572 -9.9 -9.9 78.99 270.15 0.104 0.011 225 300 0.723 0.538 0.381 0.43
0.133 1.269 1.308 1.014 1.296 1.34 -0.01135 -0.1879 5.67 -1.055 0.1588 -0.009402 4.5 1 4.3 0 0.002816 -0.002626 -0.5475 1457.76 760 0 0.1 -0.2566 -0.00574 -9.9 -9.9 79.47 270.15 0.11 0.011 225 300 0.722 0.538 0.371 0.417
0.14 1.288 1.327 1.036 1.314 1.316 -0.02471 -0.1857 5.7 -1.054 0.1567 -0.009228 4.5 1 4.34 0 0.002802 -0.002666 -0.5603 1450.71 760 0 0.1 -0.2571 -0.00578 -9.9 -9.9 80.26 270.16 0.115 0.012 225 300 0.721 0.537 0.362 0.403
0.15 1.3095 1.3481 1.0648 1.3324 1.2844 -0.042065 -0.18234 5.74 -1.0532 0.15401 -0.008977 4.5 1 4.39 0 0.002786 -0.002706 -0.5796 1442.85 760 0 0.1 -0.2571 -0.00585 -9.9 -9.9 81.33 270.16 0.12 0.015 225 300 0.72 0.537 0.354 0.388
0.16 1.324 1.362 1.088 1.344 1.254 -0.05759 -0.1785 5.78 -1.053 0.1516 -0.008725 4.5 1 4.44 0 0.002765 -0.002751 -0.6005 1434.22 760 0 0.1 -0.2562 -0.00591 -9.9 -9.9 82.86 270.16 0.125 0.02 225 300 0.72 0.536 0.349 0.372
0.17 1.331 1.368 1.104 1.349 1.224 -0.07186 -0.1742 5.82 -1.054 0.1495 -0.008472 4.5 1 4.49 0 0.002734 -0.002802 -0.6225 1424.85 760 0 0.1 -0.2544 -0.00597 -9.9 -9.9 84.72 270.14 0.128 0.026 225 300 0.718 0.536 0.346 0.357
0.18 1.333 1.369 1.115 1.349 1.194 -0.08564 -0.1694 5.85 -1.056 0.1477 -0.008219 4.5 1 4.53 0 0.002699 -0.002855 -0.6449 1414.77 760 0 0.1 -0.2522 -0.00602 -9.9 -9.9 86.67 270.11 0.131 0.033 225 300 0.717 0.536 0.344 0.341
0.19 1.331 1.366 1.121 1.346 1.164 -0.09888 -0.164 5.89 -1.058 0.1462 -0.007967 4.5 1 4.57 0 0.00266 -0.002911 -0.6668 1403.99 760 0 0.1 -0.2497 -0.00608 -9.9 -9.9 88.73 270.06 0.134 0.039 225 300 0.714 0.537 0.343 0.324
0.2 1.3255 1.359 1.122 1.3414 1.1349 -0.11096 -0.15852 5.92 -1.0607 0.14489 -0.007717 4.5 1 4.61 0 0.002612 -0.00297 -0.6876 1392.61 760 0 0.1 -0.2466 -0.00614 -9.9 -9.9 90.91 270 0.136 0.045 225 300 0.711 0.539 0.344 0.309
0.22 1.309 1.339 1.113 1.328 1.082 -0.133 -0.147 5.97 -1.067 0.1426 -0.007224 4.5 1 4.68 0 0.00256 -0.003028 -0.7243 1380.72 760 0 0.1 -0.2432 -0.00626 -9.9 -9.9 93.04 269.83 0.138 0.052 225 300 0.708 0.541 0.345 0.294
0.24 1.288 1.315 1.095 1.313 1.037 -0.153 -0.1345 6.03 -1.074 0.1404 -0.006747 4.5 1 4.75 0 0.002505 -0.003085 -0.7565 1368.51 760 0 0.1 -0.2396 -0.00638 -9.9 -9.9 95.08 269.59 0.14 0.055 225 300 0.703 0.544 0.347 0.28
0.25 1.2766 1.3017 1.0828 1.3052 1.0166 -0.16213 -0.12784 6.05 -1.0773 0.13925 -0.006517 4.5 1 4.78 0 0.002444 -0.00314 -0.7718 1356.21 760 0 0.1 -0.2357 -0.00644 -9.9 -9.9 97.04 269.45 0.141 0.055 225 300 0.698 0.547 0.35 0.266
0.26 1.265 1.289 1.071 1.297 0.9993 -0.1704 -0.1212 6.07 -1.081 0.1382 -0.006293 4.5 1 4.82 0 0.00238 -0.00319 -0.787 1343.89 760 0 0.1 -0.2315 -0.0065 -9.9 -9.9 98.87 269.3 0.141 0.055 225 300 0.693 0.55 0.353 0.255
0.28 1.243 1.264 1.048 1.282 0.9728 -0.1846 -0.1071 6.11 -1.088 0.136 -0.005866 4.5 1 4.88 0 0.002314 -0.003235 -0.8161 1331.67 760 0 0.1 -0.2274 -0.0066 -9.9 -9.9 100.53 268.96 0.14 0.053 225 300 0.687 0.554 0.357 0.244
0.29 1.232 1.252 1.036 1.274 0.9635 -0.1906 -0.1001 6.12 -1.091 0.135 -0.005666 4.5 1 4.9 0 0.00225 -0.003274 -0.8295 1319.83 760 0 0.1 -0.2232 -0.00665 -9.9 -9.9 102.01 268.78 0.139 0.051 225 300 0.681 0.557 0.36 0.236
0.3 1.2217 1.2401 1.0246 1.2653 0.95676 -0.1959 -0.092855 6.14 -1.0948 0.13388 -0.005475 4.5 1 4.93 0 0.002196 -0.003297 -0.8417 1308.47 760 0 0.1 -0.2191 -0.0067 -9.9 -9.9 103.15 268.59 0.138 0.05 225 300 0.675 0.561 0.363 0.229
0.32 1.201 1.218 1.001 1.248 0.95 -0.2045 -0.07892 6.16 -1.101 0.1318 -0.005122 4.5 1 4.98 0 0.002155 -0.003303 -0.8618 1297.65 760 0 0.1 -0.2152 -0.0068 -9.9 -9.9 104 268.2 0.135 0.048 225 300 0.67 0.566 0.366 0.223
0.34 1.179 1.196 0.9768 1.229 0.9496 -0.2113 -0.06513 6.18 -1.107 0.1298 -0.004808 4.5 1 5.03 0 0.002124 -0.0033 -0.8773 1287.5 760 0 0.1 -0.2112 -0.00689 -9.9 -9.9 104.7 267.79 0.133 0.047 225 300 0.664 0.57 0.369 0.218
0.35 1.167 1.184 0.9638 1.218 0.9508 -0.2145 -0.05792 6.18 -1.111 0.1289 -0.004663 4.5 1 5.06 0 0.002104 -0.003287 -0.8838 1278.06 760 0 0.1 -0.207 -0.00693 -9.9 -9.9 105.26 267.58 0.13 0.047 225 300 0.658 0.573 0.372 0.215
0.36 1.156 1.172 0.9512 1.207 0.9528 -0.2172 -0.05104 6.19 -1.113 0.1281 -0.004527 4.5 1 5.08 0 0.002097 -0.003267 -0.8896 1269.19 760 0 0.1 -0.2033 -0.00697 -9.9 -9.9 105.61 267.37 0.128 0.047 225 300 0.653 0.576 0.375 0.212
0.38 1.131 1.147 0.9244 1.182 0.959 -0.2221 -0.03676 6.19 -1.119 0.1265 -0.004276 4.5 1 5.12 0 0.002098 -0.003242 -0.9004 1260.74 760 0 0.1 -0.1996 -0.00705 -9.9 -9.9 105.87 266.95 0.125 0.048 225 300 0.648 0.578 0.378 0.21
0.4 1.1046 1.1214 0.89765 1.1552 0.96766 -0.22608 -0.023189 6.2 -1.1243 0.12512 -0.004053 4.5 1 5.16 0 0.002107 -0.003212 -0.9109 1252.66 760 0 0.1 -0.1958 -0.00713 -9.9 -9.9 106.02 266.54 0.122 0.049 225 300 0.643 0.58 0.381 0.21
0.42 1.078 1.096 0.8707 1.128 0.9786 -0.2292 -0.01042 6.2 -1.129 0.1239 -0.003853 4.5 1 5.2 0 0.002127 -0.003177 -0.9224 1244.8 760 0 0.1 -0.1922 -0.00719 -9.9 -9.9 106.03 266.16 0.12 0.051 225 300 0.638 0.583 0.384 0.21
0.44 1.052 1.07 0.8436 1.1 0.9914 -0.2317 0.001168 6.2 -1.134 0.1228 -0.003673 4.5 1 5.24 0 0.00216 -0.003132 -0.9346 1237.03 760 0 0.1 -0.1884 -0.00726 -9.9 -9.9 105.92 265.8 0.117 0.053 225 300 0.634 0.585 0.388 0.211
0.45 1.038 1.056 0.8294 1.085 0.9988 -0.2326 0.006589 6.2 -1.136 0.1223 -0.00359 4.5 1 5.25 0 0.002202 -0.003079 -0.9408 1229.23 760 0 0.1 -0.184 -0.00729 -9.9 -9.9 105.79 265.64 0.115 0.054 225 300 0.629 0.589 0.393 0.213
0.46 1.023 1.043 0.8151 1.07 1.006 -0.2335 0.01187 6.2 -1.138 0.1218 -0.00351 4.5 1 5.27 0 0.00225 -0.003021 -0.9469 1221.16 760 0 0.1 -0.1793 -0.00732 -9.9 -9.9 105.69 265.48 0.113 0.055 225 300 0.624 0.592 0.398 0.216
0.48 0.9972 1.017 0.7886 1.042 1.022 -0.2346 0.02077 6.2 -1.142 0.1209 -0.00336 4.5 1 5.3 0 0.002298 -0.002964 -0.9586 1212.74 760 0 0.1 -0.1749 -0.00738 -9.9 -9.9 105.59 265.21 0.111 0.057 225 300 0.619 0.595 0.404 0.219
0.5 0.96991 0.99106 0.7615 1.012 1.0384 -0.23522 0.029119 6.2 -1.1459 0.12015 -0.00322 4.5 1 5.34 0 0.002348 -0.002907 -0.9693 1203.91 760 0 0.1 -0.1704 -0.00744 -9.9 -9.9 105.54 265 0.109 0.06 225 300 0.615 0.599 0.41 0.224
0.55 0.9048 0.9283 0.6984 0.9417 1.083 -0.2345 0.04693 6.2 -1.154 0.1185 -0.002897 4.5 1 5.41 0 0.002399 -0.002848 -0.9892 1194.59 760 0 0.1 -0.1658 -0.00758 -9.9 -9.9 105.61 264.74 0.108 0.066 225 300 0.61 0.603 0.417 0.229
0.6 0.8417 0.8672 0.6388 0.8735 1.134 -0.2313 0.06267 6.2 -1.162 0.1167 -0.00261 4.5 1 5.48 0 0.002452 -0.002789 -1.001 1184.93 760 0 0.1 -0.161 -0.00773 -9.9 -9.9 105.83 264.83 0.106 0.071 225 300 0.605 0.607 0.424 0.235
0.65 0.7818 0.8088 0.5823 0.8095 1.186 -0.2267 0.078 6.2 -1.168 0.1147 -0.002356 4.5 1 5.53 0 0.002508 -0.002727 -1.008 1175.19 760 0 0.1 -0.1558 -0.00787 0.006 0.004 106.2 265.2 0.105 0.073 225 300 0.599 0.611 0.431 0.243
0.667 0.7626 0.7899 0.5642 0.7892 1.204 -0.225 0.08306 6.2 -1.169 0.1139 -0.002276 4.5 1 5.54 0 0.002568 -0.002662 -1.009 1165.69 760 0 0.1 -0.1503 -0.00792 0.026 0.017 106.75 265.38 0.103 0.074 225 300 0.593 0.615 0.44 0.25
0.7 0.7251 0.753 0.5288 0.7499 1.238 -0.2214 0.09319 6.2 -1.173 0.1125 -0.002131 4.5 1 5.56 0 0.002629 -0.002595 -1.012 1156.46 760 0 0.1 -0.1446 -0.008 0.055 0.036 107.48 265.78 0.102 0.073 225 300 0.587 0.619 0.448 0.258
0.75 0.66903 0.69737 0.47523 0.69173 1.2871 -0.21591 0.10829 6.2 -1.1777 0.11054 -0.001931 4.5 1 5.6 0 0.00269 -0.002527 -1.0154 1147.59 760 0 0.1 -0.1387 -0.00812 0.092 0.059 108.39 266.51 0.1 0.07 225 300 0.581 0.622 0.457 0.266
0.8 0.6135 0.642 0.4217 0.6352 1.334 -0.2105 0.1226 6.2 -1.182 0.1087 -0.001754 4.5 1 5.63 0 0.002746 -0.002456 -1.021 1139.21 760 0 0.1 -0.1325 -0.00822 0.14 0.088 109.62 267.32 0.099 0.063 225 300 0.576 0.624 0.466 0.274
0.85 0.5585 0.587 0.3681 0.5797 1.378 -0.2053 0.1361 6.2 -1.185 0.1071 -0.001597 4.5 1 5.66 0 0.002797 -0.002379 -1.028 1131.34 760 0 0.1 -0.1262 -0.0083 0.195 0.12 111.08 268.14 0.099 0.053 225 300 0.57 0.625 0.475 0.281
0.9 0.503 0.5314 0.3138 0.5236 1.421 -0.2001 0.1498 6.2 -1.188 0.1055 -0.001456 4.5 1 5.69 0 0.002843 -0.002293 -1.036 1123.91 760 0 0.1 -0.1197 -0.00836 0.252 0.152 112.71 268.9 0.098 0.042 225 300 0.564 0.626 0.483 0.288
0.95 0.447 0.4754 0.2592 0.4671 1.462 -0.1949 0.1643 6.2 -1.191 0.1039 -0.001328 4.5 1 5.72 0 0.002885 -0.002196 -1.044 1116.83 760 0 0.1 -0.1126 -0.00841 0.309 0.181 114.5 269.55 0.098 0.03 225 300 0.558 0.626 0.491 0.294
1 0.3932 0.4218 0.207 0.4124 1.5004 -0.18983 0.17895 6.2 -1.193 0.10248 -0.00121 4.5 1 5.74 0 0.002921 -0.002089 -1.05 1109.95 760 0 0.1 -0.1052 -0.00844 0.367 0.208 116.39 270 0.098 0.02 225 300 0.553 0.625 0.498 0.298
1.1 0.2848 0.3137 0.1018 0.3021 1.569 -0.18 0.2104 6.2 -1.197 0.1002 -0.000994 4.5 1 5.82 0 0.002954 -0.001977 -1.057 1103.07 760 0 0.1 -0.09774 -0.00847 0.425 0.233 118.3 270.18 0.099 0.007 225 300 0.548 0.624 0.505 0.302
1.2 0.1734 0.2026 -0.006195 0.1887 1.628 -0.1709 0.2441 6.2 -1.2 0.09848 -0.000803 4.5 1 5.92 0 0.002982 -0.001862 -1.058 1096.04 760 0 0.1 -0.09023 -0.00842 0.481 0.256 120.19 269.42 0.1 0.002 225 300 0.543 0.623 0.511 0.306
1.3 0.06152 0.09106 -0.1135 0.07433 1.679 -0.1623 0.278 6.2 -1.202 0.09738 -0.000635 4.5 1 6.01 0 0.003007 -0.001745 -1.055 1088.67 760 0 0.1 -0.08273 -0.00829 0.536 0.276 122.01 267.82 0.101 0.003 225 300 0.539 0.622 0.516 0.309
1.4 -0.04575 -0.0157 -0.2155 -0.03607 1.724 -0.1541 0.3096 6.2 -1.204 0.09674 -0.00049 4.5 1 6.1 0 0.003026 -0.00163 -1.05 1080.77 760 0 0.1 -0.07528 -0.00806 0.588 0.294 123.75 265.45 0.102 0.006 225 300 0.535 0.62 0.521 0.312
1.5 -0.14954 -0.11866 -0.3138 -0.1437 1.7622 -0.1467 0.33896 6.2 -1.2063 0.09645 -0.000365 4.5 1 6.18 0 0.003039 -0.001518 -1.0454 1072.39 760 0 0.1 -0.06794 -0.00771 0.638 0.309 125.38 262.41 0.104 0.01 225 300 0.532 0.619 0.525 0.315
1.6 -0.2486 -0.2167 -0.4068 -0.2471 1.796 -0.14 0.3662 6.2 -1.209 0.09634 -0.000259 4.5 1 6.26 0 0.003041 -0.001411 -1.042 1061.77 760 0 0.1 -0.06042 -0.00723 0.689 0.324 126.9 258.78 0.105 0.012 225 300 0.529 0.618 0.528 0.318
1.7 -0.3415 -0.3084 -0.493 -0.3447 1.826 -0.1336 0.3907 6.2 -1.211 0.09625 -0.000171 4.5 1 6.33 0 0.003026 -0.001323 -1.04 1049.29 760 0 0.1 -0.05339 -0.00666 0.736 0.337 128.14 254.66 0.106 0.012 225 300 0.527 0.618 0.53 0.321
1.8 -0.4298 -0.3956 -0.5739 -0.4382 1.856 -0.1269 0.4124 6.2 -1.212 0.09621 -9.9e-05 4.5 1 6.4 0 0.003 -0.001253 -1.04 1036.42 760 0 0.1 -0.04705 -0.00603 0.78 0.35 129.11 250.11 0.106 0.012 225 300 0.526 0.618 0.531 0.323
1.9 -0.5128 -0.4773 -0.649 -0.5268 1.887 -0.1196 0.4315 6.2 -1.214 0.09626 -4.2e-05 4.5 1 6.48 0 0.002968 -0.001201 -1.039 1023.14 760 0 0.1 -0.04135 -0.0054 0.824 0.364 129.86 245.25 0.106 0.01 225 300 0.526 0.618 0.532 0.326
2 -0.58669 -0.55003 -0.71466 -0.60658 1.9152 -0.11237 0.44788 6.2 -1.2159 0.09636 0 4.5 1 6.54 0 0.002923 -0.00117 -1.0392 1009.49 760 0 0.1 -0.03614 -0.00479 0.871 0.382 130.37 240.14 0.105 0.008 225 300 0.526 0.618 0.532 0.329
2.2 -0.7214 -0.6822 -0.83 -0.754 1.968 -0.09802 0.4802 6.2 -1.219 0.0965 0 4.5 1 6.66 0 0.00287 -0.001157 -1.037 995.52 760 0 0.1 -0.0314 -0.00378 0.92 0.404 130.67 229.55 0.103 0.005 225 300 0.527 0.619 0.533 0.332
2.4 -0.8481 -0.8069 -0.9326 -0.8941 2.017 -0.08377 0.5187 6.2 -1.22 0.0962 0 4.5 1 6.73 0 0.002815 -0.001155 -1.032 981.33 760 0 0.1 -0.02707 -0.00302 0.969 0.427 130.81 219.05 0.1 0.003 225 300 0.528 0.619 0.533 0.335
2.5 -0.9097 -0.8677 -0.9823 -0.9619 2.041 -0.07631 0.5388 6.2 -1.22 0.09611 0 4.5 1 6.77 0 0.002761 -0.001159 -1.029 966.94 760 0 0.1 -0.02311 -0.00272 1.017 0.451 130.81 214.04 0.097 0.002 225 300 0.53 0.619 0.534 0.337
2.6 -0.9686 -0.9258 -1.031 -1.027 2.063 -0.06893 0.5581 6.2 -1.22 0.09614 0 4.5 1 6.81 0 0.002708 -0.001168 -1.026 952.34 760 0 0.1 -0.01959 -0.00246 1.06 0.474 130.72 209.32 0.094 0.001 225 300 0.531 0.62 0.535 0.34
2.8 -1.082 -1.037 -1.13 -1.15 2.101 -0.05523 0.5939 6.2 -1.219 0.09667 0 4.5 1 6.87 0 0.002658 -0.00118 -1.019 937.52 760 0 0.1 -0.01646 -0.00208 1.099 0.495 130.57 201.08 0.091 0 225 300 0.532 0.619 0.536 0.342
3 -1.1898 -1.142 -1.23 -1.2664 2.1323 -0.04332 0.62694 6.2 -1.2179 0.09764 0 4.5 1 6.93 0 0.002616 -0.001188 -1.0112 922.43 760 0 0.1 -0.01358 -0.00183 1.135 0.516 130.36 195 0.088 0 225 300 0.534 0.619 0.537 0.344
3.2 -1.291 -1.241 -1.326 -1.376 2.155 -0.03444 0.6581 6.2 -1.217 0.09865 -2.3e-05 4.5 1 6.99 0 0.002588 -0.001192 -1.003 908.79 760 0 0.1 -0.01123 -0.00167 1.164 0.534 130.13 191.61 0.084 0 225 300 0.535 0.618 0.538 0.345
3.4 -1.386 -1.332 -1.415 -1.479 2.17 -0.02789 0.6876 6.2 -1.216 0.09955 -4e-05 4.5 1 7.08 0 0.002575 -0.001187 -0.9951 896.15 760 0 0.1 -0.009273 -0.00158 1.188 0.551 129.9 190.73 0.081 0 225 300 0.535 0.618 0.54 0.346
3.5 -1.433 -1.378 -1.46 -1.53 2.178 -0.025 0.7022 6.2 -1.216 0.09999 -4.5e-05 4.5 1 7.12 0 0.002572 -0.001174 -0.991 883.16 760 0 0.1 -0.007462 -0.00155 1.211 0.57 129.71 191.11 0.078 0 225 300 0.536 0.617 0.541 0.347
3.6 -1.476 -1.419 -1.501 -1.576 2.183 -0.02258 0.7152 6.2 -1.216 0.1004 -4.9e-05 4.5 1 7.16 0 0.002573 -0.001154 -0.9868 870.05 760 0 0.1 -0.005788 -0.00154 1.234 0.589 129.56 191.98 0.075 0 225 300 0.536 0.616 0.542 0.348
3.8 -1.562 -1.501 -1.587 -1.669 2.194 -0.01836 0.7403 6.2 -1.216 0.1014 -5.3e-05 4.5 1 7.24 0 0.002586 -0.001123 -0.9783 857.07 760 0 0.1 -0.004386 -0.00152 1.253 0.609 129.49 195.01 0.072 0 225 300 0.536 0.616 0.543 0.349
4 -1.6388 -1.5748 -1.6673 -1.7516 2.204 -0.014642 0.76303 6.2 -1.2162 0.10218 -5.2e-05 4.5 1 7.32 0 0.002605 -0.001083 -0.9694 844.48 760 0 0.1 -0.003212 -0.00152 1.271 0.629 129.49 199.45 0.07 0 225 300 0.536 0.616 0.543 0.349
4.2 -1.712 -1.644 -1.745 -1.829 2.212 -0.01225 0.7855 6.2 -1.217 0.1027 -4.7e-05 4.5 1 7.39 0 0.002619 -0.001025 -0.9601 832.45 760 0 0.1 -0.002293 -0.00152 1.287 0.652 129.57 204.93 0.068 0 225 300 0.535 0.616 0.542 0.349
4.4 -1.78 -1.709 -1.819 -1.901 2.218 -0.01146 0.8079 6.2 -1.217 0.103 -3.9e-05 4.5 1 7.46 0 0.002624 -0.000946 -0.9505 821.18 760 0 0.1 -0.001611 -0.0015 1.3 0.674 129.71 211.09 0.066 0 225 300 0.534 0.617 0.54 0.347
4.6 -1.847 -1.773 -1.892 -1.971 2.223 -0.01176 0.8313 6.2 -1.218 0.1032 -2.7e-05 4.5 1 7.52 0 0.002622 -0.000845 -0.9405 810.79 760 0 0.1 -0.001037 -0.00148 1.312 0.697 129.87 217.56 0.064 0 225 300 0.533 0.619 0.538 0.345
4.8 -1.906 -1.83 -1.957 -2.033 2.227 -0.01288 0.8524 6.2 -1.218 0.1034 -1.4e-05 4.5 1 7.64 0 0.002615 -0.000718 -0.9302 801.41 760 0 0.1 -0.0005551 -0.00146 1.323 0.719 130.05 223.99 0.063 0 225 300 0.531 0.621 0.535 0.341
5 -1.966 -1.8882 -2.0245 -2.0928 2.2299 -0.014855 0.87314 6.2 -1.2189 0.10353 0 4.5 1 7.78 0 0.002604 -0.000572 -0.9195 793.13 760 0 0.1 -0.0002548 -0.00144 1.329 0.738 130.22 230 0.061 0 225 300 0.528 0.622 0.532 0.335
5.5 -2.105 -2.023 -2.191 -2.229 2.239 -0.0195 0.9147 6.2 -1.22 0.1046 0 4.5 1 8.07 0 0.002591 -0.000408 -0.8918 785.73 760 0 0.1 -0.0001001 -0.0014 1.345 0.778 130.39 241.86 0.06 0 225 300 0.526 0.624 0.528 0.329
6 -2.242 -2.156 -2.366 -2.358 2.238 -0.02638 0.9487 6.2 -1.223 0.1075 0 4.5 1 8.48 0 0.002583 -0.000228 -0.8629 779.91 760 0 0.1 -4.55e-05 -0.00138 1.35 0.803 130.53 249.34 0.059 0 225 300 0.524 0.625 0.524 0.321
6.5 -2.369 -2.279 -2.532 -2.477 2.215 -0.03951 0.9764 6.2 -1.23 0.1123 0 4.5 1 8.9 0 0.002586 -3.6e-05 -0.8335 775.6 760 0 0.1 -3.64e-05 -0.00137 1.349 0.815 130.63 252.94 0.059 0 225 300 0.52 0.634 0.517 0.312
7 -2.483 -2.388 -2.682 -2.585 2.172 -0.05914 0.9976 6.2 -1.241 0.1185 0 4.5 1 9.2 0 0.002603 0.000168 -0.8046 772.68 760 0 0.1 -4.55e-05 -0.00137 1.342 0.816 130.7 253.12 0.059 0 225 300 0.515 0.636 0.514 0.302
7.5 -2.5865 -2.4874 -2.8176 -2.6854 2.1187 -0.081606 1.0121 6.2 -1.2543 0.12507 0 4.5 1 9.48 0 0.0026 0.000385 -0.7766 771.01 760 0 0.1 -5.46e-05 -0.00137 1.329 0.809 130.72 250.39 0.058 0 225 300 0.512 0.634 0.511 0.27
8 -2.686 -2.583 -2.944 -2.782 2.061 -0.1038 1.023 6.2 -1.269 0.1315 0 4.5 1 9.57 0 0.00263 0.00072 -0.7503 760.81 760 0 0.1 1e-04 -0.00137 1.308 0.795 130.87 245.23 0.059 0 225 300 0.51 0.63 0.507 0.278
8.5 -2.782 -2.675 -3.06 -2.878 2.008 -0.1211 1.034 6.2 -1.284 0.1374 0 4.5 1 9.62 0 0.00267 0.00094 -0.7254 764.5 760 0 0.1 1e-04 -0.00137 1.282 0.777 130.71 238.13 0.059 0 225 300 0.509 0.622 0.503 0.265
9 -2.879 -2.769 -3.171 -2.976 1.961 -0.1341 1.045 6.2 -1.299 0.1429 0 4.5 1 9.66 0 0.00276 0.00113 -0.7016 768.07 760 0 0.1 1e-04 -0.00137 1.252 0.754 130.5 229.56 0.06 0 225 300 0.509 0.613 0.498 0.252
9.5 -2.977 -2.863 -3.279 -3.076 1.919 -0.1436 1.057 6.2 -1.313 0.1478 0 4.5 1 9.66 0 0.00289 0.00131 -0.6785 771.55 760 0 0.1 1e-04 -0.00136 1.218 0.729 130.26 220.02 0.06 0 225 300 0.509 0.604 0.492 0.239
10 -3.0702 -2.9537 -3.3776 -3.1726 1.8837 -0.15096 1.0662 6.2 -1.3253 0.15183 0 4.5 1 9.66 0 0.00303 0.00149 -0.6558 775 760 0 0.1 0 -0.00136 1.183 0.703 130 210 0.06 0 225 300 0.51 0.604 0.487 0.239
